function [model] = modeldayhoff()

% $LastChangedDate: 2013-01-06 12:45:03 -0600 (Sun, 06 Jan 2013) $
% $LastChangedRevision: 328 $
% $LastChangedBy: jcai $

freq = [0.087127 0.040904 0.040432 0.046872 0.033474 0.038255 0.049530 0.088612 0.033619 0.036886 0.085357 0.080481 0.014753 0.039772 0.050680 0.069577 0.058542 0.010494 0.029916 0.064718];

dayhoff_dcmut=[
0.000000 0.267828 0.984474 1.199805 0.360016 0.887753 1.961167 2.386111 0.228116 0.653416 0.406431 0.258635 0.717840 0.183641 2.485920 4.051870 3.680365 0.000000 0.244139 2.059564
0.267828 0.000000 0.327059 0.000000 0.232374 2.439939 0.000000 0.087791 2.383148 0.632629 0.154924 4.610124 0.896321 0.136906 1.028313 1.531590 0.265745 2.001375 0.078012 0.240368
0.984474 0.327059 0.000000 8.931515 0.000000 1.028509 1.493409 1.385352 5.290024 0.768024 0.341113 3.148371 0.000000 0.138503 0.419244 4.885892 2.271697 0.224968 0.946940 0.158067
1.199805 0.000000 8.931515 0.000000 0.000000 1.348551 11.388659 1.240981 0.868241 0.239248 0.000000 0.716913 0.000000 0.000000 0.133940 0.956097 0.660930 0.000000 0.000000 0.178316
0.360016 0.232374 0.000000 0.000000 0.000000 0.000000 0.000000 0.107278 0.282729 0.438074 0.000000 0.000000 0.000000 0.000000 0.187550 1.598356 0.162366 0.000000 0.953164 0.484678
0.887753 2.439939 1.028509 1.348551 0.000000 0.000000 7.086022 0.281581 6.011613 0.180393 0.730772 1.519078 1.127499 0.000000 1.526188 0.561828 0.525651 0.000000 0.000000 0.346983
1.961167 0.000000 1.493409 11.388659 0.000000 7.086022 0.000000 0.811907 0.439469 0.609526 0.112880 0.830078 0.304803 0.000000 0.507003 0.793999 0.340156 0.000000 0.214717 0.367250
2.386111 0.087791 1.385352 1.240981 0.107278 0.281581 0.811907 0.000000 0.106802 0.000000 0.071514 0.267683 0.170372 0.153478 0.347153 2.322243 0.306662 0.000000 0.000000 0.538165
0.228116 2.383148 5.290024 0.868241 0.282729 6.011613 0.439469 0.106802 0.000000 0.076981 0.443504 0.270475 0.000000 0.475927 0.933709 0.353643 0.226333 0.270564 1.265400 0.438715
0.653416 0.632629 0.768024 0.239248 0.438074 0.180393 0.609526 0.000000 0.076981 0.000000 2.556685 0.460857 3.332732 1.951951 0.119152 0.247955 1.900739 0.000000 0.374834 8.810038
0.406431 0.154924 0.341113 0.000000 0.000000 0.730772 0.112880 0.071514 0.443504 2.556685 0.000000 0.180629 5.230115 1.565160 0.316258 0.171432 0.331090 0.461776 0.286572 1.745156
0.258635 4.610124 3.148371 0.716913 0.000000 1.519078 0.830078 0.267683 0.270475 0.460857 0.180629 0.000000 2.411739 0.000000 0.335419 0.954557 1.350599 0.000000 0.132142 0.103850
0.717840 0.896321 0.000000 0.000000 0.000000 1.127499 0.304803 0.170372 0.000000 3.332732 5.230115 2.411739 0.000000 0.921860 0.170205 0.619951 1.031534 0.000000 0.000000 2.565955
0.183641 0.136906 0.138503 0.000000 0.000000 0.000000 0.000000 0.153478 0.475927 1.951951 1.565160 0.000000 0.921860 0.000000 0.110506 0.459901 0.136655 0.762354 6.952629 0.123606
2.485920 1.028313 0.419244 0.133940 0.187550 1.526188 0.507003 0.347153 0.933709 0.119152 0.316258 0.335419 0.170205 0.110506 0.000000 2.427202 0.782857 0.000000 0.000000 0.485026
4.051870 1.531590 4.885892 0.956097 1.598356 0.561828 0.793999 2.322243 0.353643 0.247955 0.171432 0.954557 0.619951 0.459901 2.427202 0.000000 5.436674 0.740819 0.336289 0.303836
3.680365 0.265745 2.271697 0.660930 0.162366 0.525651 0.340156 0.306662 0.226333 1.900739 0.331090 1.350599 1.031534 0.136655 0.782857 5.436674 0.000000 0.000000 0.417839 1.561997
0.000000 2.001375 0.224968 0.000000 0.000000 0.000000 0.000000 0.000000 0.270564 0.000000 0.461776 0.000000 0.000000 0.762354 0.000000 0.740819 0.000000 0.000000 0.608070 0.000000
0.244139 0.078012 0.946940 0.000000 0.953164 0.000000 0.214717 0.000000 1.265400 0.374834 0.286572 0.132142 0.000000 6.952629 0.000000 0.336289 0.417839 0.608070 0.000000 0.279379
2.059564 0.240368 0.158067 0.178316 0.484678 0.346983 0.367250 0.538165 0.438715 8.810038 1.745156 0.103850 2.565955 0.123606 0.485026 0.303836 1.561997 0.000000 0.279379 0.000000];

R=dayhoff_dcmut;

% To normalize R
R=R*20/sum(sum(R));

model.name='dayhoff';
model.R=R;
model.freq=freq;

%%%%%%%%%%%%%%%%%
% dayhoff-dcmut.dat %
%%%%%%%%%%%%%%%%%
% 0.267828 
% 0.984474 0.327059 
% 1.199805 0.000000 8.931515 
% 0.360016 0.232374 0.000000 0.000000 
% 0.887753 2.439939 1.028509 1.348551 0.000000 
% 1.961167 0.000000 1.493409 11.388659 0.000000 7.086022 
% 2.386111 0.087791 1.385352 1.240981 0.107278 0.281581 0.811907 
% 0.228116 2.383148 5.290024 0.868241 0.282729 6.011613 0.439469 0.106802 
% 0.653416 0.632629 0.768024 0.239248 0.438074 0.180393 0.609526 0.000000 0.076981 
% 0.406431 0.154924 0.341113 0.000000 0.000000 0.730772 0.112880 0.071514 0.443504 2.556685 
% 0.258635 4.610124 3.148371 0.716913 0.000000 1.519078 0.830078 0.267683 0.270475 0.460857 0.180629 
% 0.717840 0.896321 0.000000 0.000000 0.000000 1.127499 0.304803 0.170372 0.000000 3.332732 5.230115 2.411739 
% 0.183641 0.136906 0.138503 0.000000 0.000000 0.000000 0.000000 0.153478 0.475927 1.951951 1.565160 0.000000 0.921860 
% 2.485920 1.028313 0.419244 0.133940 0.187550 1.526188 0.507003 0.347153 0.933709 0.119152 0.316258 0.335419 0.170205 0.110506 
% 4.051870 1.531590 4.885892 0.956097 1.598356 0.561828 0.793999 2.322243 0.353643 0.247955 0.171432 0.954557 0.619951 0.459901 2.427202 
% 3.680365 0.265745 2.271697 0.660930 0.162366 0.525651 0.340156 0.306662 0.226333 1.900739 0.331090 1.350599 1.031534 0.136655 0.782857 5.436674 
% 0.000000 2.001375 0.224968 0.000000 0.000000 0.000000 0.000000 0.000000 0.270564 0.000000 0.461776 0.000000 0.000000 0.762354 0.000000 0.740819 0.000000 
% 0.244139 0.078012 0.946940 0.000000 0.953164 0.000000 0.214717 0.000000 1.265400 0.374834 0.286572 0.132142 0.000000 6.952629 0.000000 0.336289 0.417839 0.608070 
% 2.059564 0.240368 0.158067 0.178316 0.484678 0.346983 0.367250 0.538165 0.438715 8.810038 1.745156 0.103850 2.565955 0.123606 0.485026 0.303836 1.561997 0.000000 0.279379 


% 0.087127 0.040904 0.040432 0.046872 0.033474 0.038255 0.049530 0.088612 0.033619 0.036886 0.085357 0.080481 0.014753 0.039772 0.050680 0.069577 0.058542 0.010494 0.029916 0.064718 


%  A   R   N   D   C   Q   E   G   H   I   L   K   M   F   P   S   T   W   Y   V
% Ala Arg Asn Asp Cys Gln Glu Gly His Ile Leu Lys Met Phe Pro Ser Thr Trp Tyr Val


% Dayhoff rate matrix prepared using the DCMut method*
% ----------------------------------------------------

% The first part above indicates the symmetric 'exchangeability' parameters s_ij, 
% where s_ij = s_ji.
% The second part gives the amino acid equilibrium frequencies pi_i. 
% The net replacement rate from i to j is q_ij = pi_j*s_ij.
%         
% This model is usually scaled so that the mean rate of change at
% equilibrium, Sum_i Sum_j!=i pi_i*q_ij, equals 1.  You should check this
% scaling before using the matrix above.  The PAML package will perform
% this scaling.

% //

% *Prepared by Carolin Kosiol and Nick Goldman, December 2003.

% See the following paper for more details:
% Kosiol,C. and Goldman,N. The Different Versions of the Dayhoff Rate Matrix. 
% http://www.ebi.ac.uk/goldman-srv/dayhoff 




% dayhoff_proml=[0.000000 0.236539 0.998512 1.194224 0.323772 0.849166 1.951897 2.357098 0.265174 0.619362 0.402460 0.239493 0.675466 0.235041 2.504518 3.987056 3.695650 0.000000 0.270650 2.049401
% 0.236539 0.000000 0.244774 0.000000 0.276322 2.413760 0.000000 0.055450 2.442077 0.647389 0.181359 4.664943 0.826447 0.244385 0.974442 1.523027 0.293692 2.053126 0.000000 0.280951
% 0.998512 0.244774 0.000000 8.769607 0.000000 1.013697 1.421415 1.396320 5.286900 0.783366 0.297098 3.157474 0.000000 0.243274 0.436722 4.864117 2.206263 0.121831 0.958514 0.200834
% 1.194224 0.000000 8.769607 0.000000 0.000000 1.284204 11.055195 1.236127 0.872232 0.243666 0.000000 0.690813 0.000000 0.000000 0.200906 1.021644 0.654596 0.000000 0.000000 0.183376
% 0.323772 0.276322 0.000000 0.000000 0.000000 0.000000 0.000000 0.055444 0.304958 0.431967 0.000000 0.000000 0.000000 0.000000 0.249900 1.552247 0.238730 0.000000 0.931312 0.543760
% 0.849166 2.413760 1.013697 1.284204 0.000000 0.000000 7.005138 0.297926 6.058254 0.270883 0.745311 1.544911 1.195707 0.000000 1.561831 0.548773 0.519287 0.000000 0.000000 0.289597
% 1.951897 0.000000 1.421415 11.055195 0.000000 7.005138 0.000000 0.782639 0.348850 0.574473 0.157054 0.835166 0.098642 0.000000 0.585500 0.822910 0.367995 0.000000 0.255682 0.355269
% 2.357098 0.055450 1.396320 1.236127 0.055444 0.297926 0.782639 0.000000 0.055450 0.000000 0.113866 0.236785 0.055450 0.176900 0.359408 2.306679 0.337069 0.000000 0.000000 0.514228
% 0.265174 2.442077 5.286900 0.872232 0.304958 6.058254 0.348850 0.055450 0.000000 0.000000 0.385278 0.277467 0.000000 0.546030 0.937425 0.294374 0.236929 0.151566 1.234568 0.388596
% 0.619362 0.647389 0.783366 0.243666 0.431967 0.270883 0.574473 0.000000 0.000000 0.000000 2.538885 0.530362 3.344841 1.946566 0.096544 0.282082 1.914062 0.000000 0.296345 9.099672
% 0.402460 0.181359 0.297098 0.000000 0.000000 0.745311 0.157054 0.113866 0.385278 2.538885 0.000000 0.179780 5.306390 1.488139 0.368339 0.129819 0.346001 0.233689 0.273898 1.745357
% 0.239493 4.664943 3.157474 0.690813 0.000000 1.544911 0.835166 0.236785 0.277467 0.530362 0.179780 0.000000 2.597610 0.000000 0.381909 1.003352 1.375355 0.000000 0.062972 0.141946
% 0.675466 0.826447 0.000000 0.000000 0.000000 1.195707 0.098642 0.055450 0.000000 3.344841 5.306390 2.597610 0.000000 0.820492 0.096564 0.620257 1.181508 0.000000 0.000000 2.681737
% 0.235041 0.244385 0.243274 0.000000 0.000000 0.000000 0.000000 0.176900 0.546030 1.946566 1.488139 0.000000 0.820492 0.000000 0.096535 0.457082 0.206810 0.899081 6.698738 0.078986
% 2.504518 0.974442 0.436722 0.200906 0.249900 1.561831 0.585500 0.359408 0.937425 0.096544 0.368339 0.381909 0.096564 0.096535 0.000000 2.372150 0.812976 0.000000 0.000000 0.430067
% 3.987056 1.523027 4.864117 1.021644 1.552247 0.548773 0.822910 2.306679 0.294374 0.282082 0.129819 1.003352 0.620257 0.457082 2.372150 0.000000 5.444843 0.891771 0.299852 0.300798
% 3.695650 0.293692 2.206263 0.654596 0.238730 0.519287 0.367995 0.337069 0.236929 1.914062 0.346001 1.375355 1.181508 0.206810 0.812976 5.444843 0.000000 0.000000 0.327802 1.558326
% 0.000000 2.053126 0.121831 0.000000 0.000000 0.000000 0.000000 0.000000 0.151566 0.000000 0.233689 0.000000 0.000000 0.899081 0.000000 0.891771 0.000000 0.000000 0.848954 0.000000
% 0.270650 0.000000 0.958514 0.000000 0.931312 0.000000 0.255682 0.000000 1.234568 0.296345 0.273898 0.062972 0.000000 6.698738 0.000000 0.299852 0.327802 0.848954 0.000000 0.315066
% 2.049401 0.280951 0.200834 0.183376 0.543760 0.289597 0.355269 0.514228 0.388596 9.099672 1.745357 0.141946 2.681737 0.078986 0.430067 0.300798 1.558326 0.000000 0.315066 0.000000];
