function [model] = modellg
%MODELLG - Model LG (an Improved, General Amino-Acid Replacement Matrix)
%
% REF:
% An Improved, General Amino-Acid Replacement Matrix
% Le S.Q., Gascuel O. Molecular Biology and Evolution. 2008 25(7):1307-20.
%
% Source:
% http://www.atgc-montpellier.fr/download/datasets/models/lg_LG.PAML.txt

% Molecular Biology and Evolution Toolbox (MBEToolbox)
% Author: James Cai
% Email: jcai@tamu.edu
% Website: http://bioinformatics.org/mbetoolbox/
% 
% $LastChangedDate: 2013-01-05 12:04:29 -0600 (Sat, 05 Jan 2013) $
% $LastChangedRevision: 327 $
% $LastChangedBy: jcai $


freq = [0.079066 0.0559413 0.0419774 0.0530516 0.0129369 0.0407668 0.0715863 0.0573372 0.0223546 0.0621565 0.099081 0.0646003 0.0229506 0.0423017 0.0440395 0.0611971 0.0532871 0.0120656 0.0341554 0.0691469];

lg_matrix=[
0.000000000 0.425092570 0.276818399 0.395144461 2.489084428 0.969894193 1.038544584 2.066039541 0.358857945 0.149829887 0.395337436 0.536517976 1.124035054 0.253700664 1.177651234 4.727181759 2.139501213 0.180716666 0.218959142 2.547870443
0.425092570 0.000000000 0.751877750 0.123954165 0.534551031 2.807907748 0.363970020 0.390192402 2.426601492 0.126990573 0.301847810 6.326067425 0.484133346 0.052721550 0.332533468 0.858151211 0.578986813 0.593607369 0.314439604 0.170887429
0.276818399 0.751877750 0.000000000 5.076148562 0.528768280 1.695751594 0.541712075 1.437645273 4.509237706 0.191502877 0.068426659 2.145077864 0.371003857 0.089525112 0.161787119 4.008358380 2.000679048 0.045375978 0.612024547 0.083687503
0.395144461 0.123954165 5.076148562 0.000000000 0.062555924 0.523385668 5.243869515 0.844925632 0.927114355 0.010690233 0.015075555 0.282958578 0.025548363 0.017415825 0.394456159 1.240274781 0.425859903 0.029890101 0.135107288 0.037967124
2.489084428 0.534551031 0.528768280 0.062555924 0.000000000 0.084808383 0.003499275 0.569264738 0.640542772 0.320626662 0.594007402 0.013265857 0.893680043 1.105251444 0.075381912 2.784477949 1.143480047 0.670128260 1.165531930 1.959290516
0.969894193 2.807907748 1.695751594 0.523385668 0.084808383 0.000000000 4.128590880 0.267958839 4.813504985 0.072854197 0.582456536 3.234293502 1.672568745 0.035855066 0.624293916 1.223828254 1.080136296 0.236199026 0.257336040 0.210332348
1.038544584 0.363970020 0.541712075 5.243869515 0.003499275 4.128590880 0.000000000 0.348847061 0.423880991 0.044265033 0.069672579 1.807176918 0.173735435 0.018811044 0.419409032 0.611973009 0.604544741 0.077852094 0.120037449 0.245034181
2.066039541 0.390192402 1.437645273 0.844925632 0.569264738 0.267958839 0.348847061 0.000000000 0.311483999 0.008705454 0.044260542 0.296636253 0.139537932 0.089585508 0.196961373 1.739990272 0.129836222 0.268491404 0.054678768 0.076700871
0.358857945 2.426601492 4.509237706 0.927114355 0.640542772 4.813504985 0.423880991 0.311483999 0.000000000 0.108881981 0.366316798 0.697263974 0.442472083 0.682138667 0.508850689 0.990012378 0.584262348 0.597053554 5.306833734 0.119013408
0.149829887 0.126990573 0.191502877 0.010690233 0.320626662 0.072854197 0.044265033 0.008705454 0.108881981 0.000000000 4.145067037 0.159068518 4.273607407 1.112726535 0.078281282 0.064105475 1.033738531 0.111660108 0.232522755 10.649106690
0.395337436 0.301847810 0.068426659 0.015075555 0.594007402 0.582456536 0.069672579 0.044260542 0.366316798 4.145067037 0.000000000 0.137499679 6.312357777 2.592692470 0.249060075 0.182286956 0.302935797 0.619632113 0.299647759 1.702745433
0.536517976 6.326067425 2.145077864 0.282958578 0.013265857 3.234293502 1.807176918 0.296636253 0.697263974 0.159068518 0.137499679 0.000000000 0.656604466 0.023918078 0.390321892 0.748682643 1.136862809 0.049905567 0.131931919 0.185201702
1.124035054 0.484133346 0.371003857 0.025548363 0.893680043 1.672568745 0.173735435 0.139537932 0.442472083 4.273607407 6.312357777 0.656604466 0.000000000 1.798852977 0.099848730 0.346959869 2.020366056 0.696175168 0.481306087 1.898718122
0.253700664 0.052721550 0.089525112 0.017415825 1.105251444 0.035855066 0.018811044 0.089585508 0.682138667 1.112726535 2.592692470 0.023918078 1.798852977 0.000000000 0.094463982 0.361818593 0.165001097 2.457121114 7.803901622 0.654683099
1.177651234 0.332533468 0.161787119 0.394456159 0.075381912 0.624293916 0.419409032 0.196961373 0.508850689 0.078281282 0.249060075 0.390321892 0.099848730 0.094463982 0.000000000 1.338132182 0.571467888 0.095130659 0.089613440 0.296500842
4.727181759 0.858151211 4.008358380 1.240274781 2.784477949 1.223828254 0.611973009 1.739990272 0.990012378 0.064105475 0.182286956 0.748682643 0.346959869 0.361818593 1.338132182 0.000000000 6.472278956 0.248861945 0.400546749 0.098368501
2.139501213 0.578986813 2.000679048 0.425859903 1.143480047 1.080136296 0.604544741 0.129836222 0.584262348 1.033738531 0.302935797 1.136862809 2.020366056 0.165001097 0.571467888 6.472278956 0.000000000 0.140824864 0.245840580 2.188158088
0.180716666 0.593607369 0.045375978 0.029890101 0.670128260 0.236199026 0.077852094 0.268491404 0.597053554 0.111660108 0.619632113 0.049905567 0.696175168 2.457121114 0.095130659 0.248861945 0.140824864 0.000000000 3.151814703 0.189509798
0.218959142 0.314439604 0.612024547 0.135107288 1.165531930 0.257336040 0.120037449 0.054678768 5.306833734 0.232522755 0.299647759 0.131931919 0.481306087 7.803901622 0.089613440 0.400546749 0.245840580 3.151814703 0.000000000 0.249313463
2.547870443 0.170887429 0.083687503 0.037967124 1.959290516 0.210332348 0.245034181 0.076700871 0.119013408 10.649106690 1.702745433 0.185201702 1.898718122 0.654683099 0.296500842 0.098368501 2.188158088 0.189509798 0.249313463 0.000000000];

R=lg_matrix;

% To normalize R
R=R*20/sum(sum(R));

model.name='lg';
model.R=R;
model.freq=freq;



%A	R	N	D	C	Q	E	G	H	I	L	K	M	F	P	S	T	W	Y	V
%0.079066	0.0559413	0.0419774	0.0530516	0.0129369	0.0407668	0.0715863	0.0573372	0.0223546	0.0621565	0.099081	0.0646003	0.0229506	0.0423017	0.0440395	0.0611971	0.0532871	0.0120656	0.0341554	0.0691469
%
% 0.42509257
% 0.276818399	0.75187775
% 0.395144461	0.123954165	5.076148562
% 2.489084428	0.534551031	0.52876828	0.062555924
% 0.969894193	2.807907748	1.695751594	0.523385668	0.084808383
% 1.038544584	0.36397002	0.541712075	5.243869515	0.003499275	4.12859088
% 2.066039541	0.390192402	1.437645273	0.844925632	0.569264738	0.267958839	0.348847061
% 0.358857945	2.426601492	4.509237706	0.927114355	0.640542772	4.813504985	0.423880991	0.311483999
% 0.149829887	0.126990573	0.191502877	0.010690233	0.320626662	0.072854197	0.044265033	0.008705454	0.108881981
% 0.395337436	0.30184781	0.068426659	0.015075555	0.594007402	0.582456536	0.069672579	0.044260542	0.366316798	4.145067037
% 0.536517976	6.326067425	2.145077864	0.282958578	0.013265857	3.234293502	1.807176918	0.296636253	0.697263974	0.159068518	0.137499679
% 1.124035054	0.484133346	0.371003857	0.025548363	0.893680043	1.672568745	0.173735435	0.139537932	0.442472083	4.273607407	6.312357777	0.656604466
% 0.253700664	0.05272155	0.089525112	0.017415825	1.105251444	0.035855066	0.018811044	0.089585508	0.682138667	1.112726535	2.59269247	0.023918078	1.798852977
% 1.177651234	0.332533468	0.161787119	0.394456159	0.075381912	0.624293916	0.419409032	0.196961373	0.508850689	0.078281282	0.249060075	0.390321892	0.09984873	0.094463982
% 4.727181759	0.858151211	4.00835838	1.240274781	2.784477949	1.223828254	0.611973009	1.739990272	0.990012378	0.064105475	0.182286956	0.748682643	0.346959869	0.361818593	1.338132182
% 2.139501213	0.578986813	2.000679048	0.425859903	1.143480047	1.080136296	0.604544741	0.129836222	0.584262348	1.033738531	0.302935797	1.136862809	2.020366056	0.165001097	0.571467888	6.472278956
% 0.180716666	0.593607369	0.045375978	0.029890101	0.67012826	0.236199026	0.077852094	0.268491404	0.597053554	0.111660108	0.619632113	0.049905567	0.696175168	2.457121114	0.095130659	0.248861945	0.140824864
% 0.218959142	0.314439604	0.612024547	0.135107288	1.16553193	0.25733604	0.120037449	0.054678768	5.306833734	0.232522755	0.299647759	0.131931919	0.481306087	7.803901622	0.08961344	0.400546749	0.24584058	3.151814703
% 2.547870443	0.170887429	0.083687503	0.037967124	1.959290516	0.210332348	0.245034181	0.076700871	0.119013408	10.64910669	1.702745433	0.185201702	1.898718122	0.654683099	0.296500842	0.098368501	2.188158088	0.189509798	0.249313463


