(
AF72.m1966:0.46543,
AF72.m1988:0.48970,
AF71.m1533:0.49235);
