   11
human-ECP   0.000000  0.008497  0.008510  0.057387  0.057811  0.168389  0.165678  0.163218  0.163275  0.190919  0.206879
chimp-ECP   0.008497  0.000000  0.012794  0.061953  0.062412  0.168389  0.165678  0.163218  0.163275  0.190919  0.206870
gorla-ECP   0.008510  0.012794  0.000000  0.062048  0.062509  0.174063  0.171329  0.168857  0.168917  0.196794  0.215850
orang-ECP   0.057387  0.061953  0.062048  0.000000  0.096247  0.158438  0.155746  0.153289  0.153342  0.180132  0.198594
macaq-ECP   0.057811  0.062412  0.062509  0.096247  0.000000  0.200138  0.197964  0.192058  0.195501  0.218943  0.243801
human-EDN   0.168389  0.168389  0.174063  0.158438  0.200138  0.000000  0.008587  0.010731  0.048851  0.119276  0.185932
chimp-EDN   0.165678  0.165678  0.171329  0.155746  0.197964  0.008587  0.000000  0.010759  0.046696  0.117114  0.183753
gorla-EDN   0.163218  0.163218  0.168857  0.153289  0.192058  0.010731  0.010759  0.000000  0.051194  0.116926  0.177967
orang-EDN   0.163275  0.163275  0.168917  0.153342  0.195501  0.048851  0.046696  0.051194  0.000000  0.117248  0.189521
macaq-EDN   0.190919  0.190919  0.196794  0.180132  0.218943  0.119276  0.117114  0.116926  0.117248  0.000000  0.220952
tamar-EDN   0.206879  0.206870  0.215850  0.198594  0.243801  0.185932  0.183753  0.177967  0.189521  0.220952  0.000000
