  11
human-ECP  0 0.0086326 0.008294 0.059543 0.057477 0.16613 0.16327 0.15955 0.16273 0.19077 0.20493
chimp-ECP  0.0086326 0 0.012952 0.064834 0.06256 0.16613 0.16327 0.15955 0.16273 0.19077 0.20299 
gorla-ECP  0.008294 0.012952 0 0.064438 0.062153 0.17209 0.16925 0.16536 0.16877 0.19709 0.21334 
orang-ECP  0.059543 0.064834 0.064438 0 0.097698 0.15689 0.15406 0.15025 0.15346 0.18051 0.19525 
macaq-ECP  0.057477 0.06256 0.062153 0.097698 0 0.19639 0.19317 0.18662 0.19198 0.21539 0.23819  
human-EDN  0.16613 0.16613 0.17209 0.15689 0.19639 0 0.0082537 0.011132 0.049666 0.12044 0.18261 
chimp-EDN  0.16327 0.16327 0.16925 0.15406 0.19317 0.0082537 0 0.010535 0.046938 0.11737 0.17895 
gorla-EDN  0.15955 0.15955 0.16536 0.15025 0.18662 0.011132 0.010535 0 0.0521 0.11733 0.17273    
orang-EDN  0.16273 0.16273 0.16877 0.15346 0.19198 0.049666 0.046938 0.0521 0 0.11815 0.18746    
macaq-EDN  0.19077 0.19077 0.19709 0.18051 0.21539 0.12044 0.11737 0.11733 0.11815 0 0.21441     
tamar-EDN  0.20493 0.20299 0.21334 0.19525 0.23819 0.18261 0.17895 0.17273 0.18746 0.21441 0     
